Compilation started at Thu Feb 11 17:41:28
python dyson_conv.py

t = 1 	 g = 0.1
Step	G[n-1]	G[n]	Difference
0 	 6.91950766666516e-310 	 0.1 	 0.1
1 	 0.1 	 0.101 	 0.0010000000000000009
2 	 0.101 	 0.1010201 	 2.0099999999995122e-05
3 	 0.1010201 	 0.101020506060401 	 4.0606040099810947e-07
4 	 0.101020506060401 	 0.10102051426446995 	 8.204068951966903e-09
5 	 0.10102051426446995 	 0.1010205144302258 	 1.6575585348732602e-10
6 	 0.1010205144302258 	 0.10102051443357475 	 3.3489461204183613e-12
7 	 0.10102051443357475 	 0.10102051443364242 	 6.766809335090329e-14
8 	 0.10102051443364242 	 0.10102051443364378 	 1.3600232051658168e-15
9 	 0.10102051443364378 	 0.10102051443364381 	 2.7755575615628914e-17
10 	 0.10102051443364381 	 0.10102051443364381 	 0.0
11 	 0.10102051443364381 	 0.10102051443364381 	 0.0
12 	 0.10102051443364381 	 0.10102051443364381 	 0.0
13 	 0.10102051443364381 	 0.10102051443364381 	 0.0
14 	 0.10102051443364381 	 0.10102051443364381 	 0.0
15 	 0.10102051443364381 	 0.10102051443364381 	 0.0
16 	 0.10102051443364381 	 0.10102051443364381 	 0.0
17 	 0.10102051443364381 	 0.10102051443364381 	 0.0
18 	 0.10102051443364381 	 0.10102051443364381 	 0.0
19 	 0.10102051443364381 	 0.10102051443364381 	 0.0
20 	 0.10102051443364381 	 0.10102051443364381 	 0.0
21 	 0.10102051443364381 	 0.10102051443364381 	 0.0
22 	 0.10102051443364381 	 0.10102051443364381 	 0.0
23 	 0.10102051443364381 	 0.10102051443364381 	 0.0
24 	 0.10102051443364381 	 0.10102051443364381 	 0.0
25 	 0.10102051443364381 	 0.10102051443364381 	 0.0
26 	 0.10102051443364381 	 0.10102051443364381 	 0.0
27 	 0.10102051443364381 	 0.10102051443364381 	 0.0
28 	 0.10102051443364381 	 0.10102051443364381 	 0.0
29 	 0.10102051443364381 	 0.10102051443364381 	 0.0
30 	 0.10102051443364381 	 0.10102051443364381 	 0.0
31 	 0.10102051443364381 	 0.10102051443364381 	 0.0
32 	 0.10102051443364381 	 0.10102051443364381 	 0.0
33 	 0.10102051443364381 	 0.10102051443364381 	 0.0
34 	 0.10102051443364381 	 0.10102051443364381 	 0.0
35 	 0.10102051443364381 	 0.10102051443364381 	 0.0
36 	 0.10102051443364381 	 0.10102051443364381 	 0.0
37 	 0.10102051443364381 	 0.10102051443364381 	 0.0
38 	 0.10102051443364381 	 0.10102051443364381 	 0.0
39 	 0.10102051443364381 	 0.10102051443364381 	 0.0
40 	 0.10102051443364381 	 0.10102051443364381 	 0.0
41 	 0.10102051443364381 	 0.10102051443364381 	 0.0
42 	 0.10102051443364381 	 0.10102051443364381 	 0.0
43 	 0.10102051443364381 	 0.10102051443364381 	 0.0
44 	 0.10102051443364381 	 0.10102051443364381 	 0.0
45 	 0.10102051443364381 	 0.10102051443364381 	 0.0
46 	 0.10102051443364381 	 0.10102051443364381 	 0.0
47 	 0.10102051443364381 	 0.10102051443364381 	 0.0
48 	 0.10102051443364381 	 0.10102051443364381 	 0.0
49 	 0.10102051443364381 	 0.10102051443364381 	 0.0

t = 1 	 g = 0.3
Step	G[n-1]	G[n]	Difference
0 	 6.9195090493462e-310 	 0.3 	 0.3
1 	 0.3 	 0.327 	 0.027000000000000024
2 	 0.327 	 0.3320787 	 0.0050786999999999916
3 	 0.3320787 	 0.333082878898107 	 0.001004178898107
4 	 0.333082878898107 	 0.3332832612645153 	 0.00020038236640829155
5 	 0.3332832612645153 	 0.33332331967173334 	 4.005840721804654e-05
6 	 0.33332331967173334 	 0.3333313306310953 	 8.010959361981485e-06
7 	 0.3333313306310953 	 0.333332932794089 	 1.6021629936635584e-06
8 	 0.333332932794089 	 0.3333332532255326 	 3.204314436011657e-07
9 	 0.3333332532255326 	 0.33333331731177507 	 6.408624247944417e-08
10 	 0.33333331731177507 	 0.3333333301290217 	 1.2817246652918612e-08
11 	 0.3333333301290217 	 0.333333332692471 	 2.5634492861748015e-09
12 	 0.333333332692471 	 0.33333333320516084 	 5.126898350304998e-10
13 	 0.33333333320516084 	 0.3333333333076988 	 1.0253797810833021e-10
14 	 0.3333333333076988 	 0.3333333333282064 	 2.050759562166604e-11
15 	 0.3333333333282064 	 0.33333333333230797 	 4.101552431023947e-12
16 	 0.33333333333230797 	 0.33333333333312826 	 8.202882817442969e-13
17 	 0.33333333333312826 	 0.3333333333332923 	 1.6403545188836688e-13
18 	 0.3333333333332923 	 0.3333333333333251 	 3.2807090377673376e-14
19 	 0.3333333333333251 	 0.3333333333333317 	 6.6058269965196814e-15
20 	 0.3333333333333317 	 0.333333333333333 	 1.27675647831893e-15
21 	 0.333333333333333 	 0.33333333333333326 	 2.7755575615628914e-16
22 	 0.33333333333333326 	 0.3333333333333333 	 5.551115123125783e-17
23 	 0.3333333333333333 	 0.3333333333333333 	 0.0
24 	 0.3333333333333333 	 0.3333333333333333 	 0.0
25 	 0.3333333333333333 	 0.3333333333333333 	 0.0
26 	 0.3333333333333333 	 0.3333333333333333 	 0.0
27 	 0.3333333333333333 	 0.3333333333333333 	 0.0
28 	 0.3333333333333333 	 0.3333333333333333 	 0.0
29 	 0.3333333333333333 	 0.3333333333333333 	 0.0
30 	 0.3333333333333333 	 0.3333333333333333 	 0.0
31 	 0.3333333333333333 	 0.3333333333333333 	 0.0
32 	 0.3333333333333333 	 0.3333333333333333 	 0.0
33 	 0.3333333333333333 	 0.3333333333333333 	 0.0
34 	 0.3333333333333333 	 0.3333333333333333 	 0.0
35 	 0.3333333333333333 	 0.3333333333333333 	 0.0
36 	 0.3333333333333333 	 0.3333333333333333 	 0.0
37 	 0.3333333333333333 	 0.3333333333333333 	 0.0
38 	 0.3333333333333333 	 0.3333333333333333 	 0.0
39 	 0.3333333333333333 	 0.3333333333333333 	 0.0
40 	 0.3333333333333333 	 0.3333333333333333 	 0.0
41 	 0.3333333333333333 	 0.3333333333333333 	 0.0
42 	 0.3333333333333333 	 0.3333333333333333 	 0.0
43 	 0.3333333333333333 	 0.3333333333333333 	 0.0
44 	 0.3333333333333333 	 0.3333333333333333 	 0.0
45 	 0.3333333333333333 	 0.3333333333333333 	 0.0
46 	 0.3333333333333333 	 0.3333333333333333 	 0.0
47 	 0.3333333333333333 	 0.3333333333333333 	 0.0
48 	 0.3333333333333333 	 0.3333333333333333 	 0.0
49 	 0.3333333333333333 	 0.3333333333333333 	 0.0

t = 1 	 g = 0.5
Step	G[n-1]	G[n]	Difference
0 	 6.919509310786e-310 	 0.5 	 0.5
1 	 0.5 	 0.625 	 0.125
2 	 0.625 	 0.6953125 	 0.0703125
3 	 0.6953125 	 0.741729736328125 	 0.046417236328125
4 	 0.741729736328125 	 0.7750815008766949 	 0.03335176454856992
5 	 0.7750815008766949 	 0.800375666500635 	 0.025294165623940046
6 	 0.800375666500635 	 0.8203006037631678 	 0.01992493726253286
7 	 0.8203006037631678 	 0.8364465402671089 	 0.016145936503941027
8 	 0.8364465402671089 	 0.8498214073624081 	 0.013374867095299225
9 	 0.8498214073624081 	 0.861098212205712 	 0.011276804843303956
10 	 0.861098212205712 	 0.8707450655319368 	 0.009646853326224725
11 	 0.8707450655319368 	 0.8790984845741084 	 0.008353419042171684
12 	 0.8790984845741084 	 0.886407072790247 	 0.007308588216138556
13 	 0.886407072790247 	 0.8928587493462872 	 0.006451676556040176
14 	 0.8928587493462872 	 0.8985983731421081 	 0.005739623795820936
15 	 0.8985983731421081 	 0.9037395181068217 	 0.005141144964713629
16 	 0.9037395181068217 	 0.9083725582939752 	 0.004633040187153492
17 	 0.9083725582939752 	 0.9125703523307707 	 0.0041977940367954325
18 	 0.9125703523307707 	 0.9163923239765535 	 0.0038219716457827957
19 	 0.9163923239765535 	 0.9198874457215742 	 0.0034951217450207572
20 	 0.9198874457215742 	 0.923096456398081 	 0.003209010676506807
21 	 0.923096456398081 	 0.9260535339073471 	 0.002957077509266104
22 	 0.9260535339073471 	 0.9287875738311431 	 0.00273403992379595
23 	 0.9287875738311431 	 0.9313231786515705 	 0.002535604820427473
24 	 0.9313231786515705 	 0.9336814315468326 	 0.0023582528952620363
25 	 0.9336814315468326 	 0.9358805078076713 	 0.002199076260838706
26 	 0.9358805078076713 	 0.9379361624471723 	 0.00205565463950097
27 	 0.9379361624471723 	 0.9398621224130641 	 0.0019259599658918436
28 	 0.9398621224130641 	 0.9416704045733948 	 0.0018082821603306876
29 	 0.9416704045733948 	 0.9433715754247105 	 0.0017011708513157142
30 	 0.9433715754247105 	 0.9449749646596501 	 0.001603389234939634
31 	 0.9449749646596501 	 0.9464888419167535 	 0.001513877257103391
32 	 0.9464888419167535 	 0.9479205639364586 	 0.001431722019705095
33 	 0.9479205639364586 	 0.9492766977668069 	 0.0013561338303482717
34 	 0.9492766977668069 	 0.9505631244615268 	 0.0012864266947199
35 	 0.9505631244615268 	 0.9517851267930301 	 0.001222002331503269
36 	 0.9517851267930301 	 0.9529474637922122 	 0.001162336999182112
37 	 0.9529474637922122 	 0.9540544343740047 	 0.0011069705817925435
38 	 0.9540544343740047 	 0.955109931874351 	 0.0010554975003462808
39 	 0.955109931874351 	 0.9561174909825136 	 0.0010075591081626367
40 	 0.9561174909825136 	 0.9570803282813485 	 0.0009628372988348399
41 	 0.9570803282813485 	 0.9580013773915669 	 0.0009210491102183971
42 	 0.9580013773915669 	 0.9588833195420696 	 0.0008819421505027458
43 	 0.9588833195420696 	 0.9597286102480094 	 0.0008452907059397496
44 	 0.9597286102480094 	 0.9605395026642878 	 0.0008108924162784081
45 	 0.9605395026642878 	 0.9613180680892787 	 0.0007785654249908847
46 	 0.9613180680892787 	 0.9620662140174515 	 0.0007481459281728498
47 	 0.9620662140174515 	 0.9627857000769364 	 0.0007194860594849084
48 	 0.9627857000769364 	 0.9634781521363183 	 0.0006924520593818428
49 	 0.9634781521363183 	 0.9641450748220073 	 0.0006669226856890198

t = 1 	 g = 0.7
Step	G[n-1]	G[n]	Difference
0 	 6.9195073414609e-310 	 0.7 	 0.7
1 	 0.7 	 1.043 	 0.34299999999999997
2 	 1.043 	 1.4614942999999998 	 0.4184942999999999
3 	 1.4614942999999998 	 2.1951759122527426 	 0.7336816122527428
4 	 2.1951759122527426 	 4.073158100014262 	 1.8779821877615195
5 	 4.073158100014262 	 12.313431835398255 	 8.240273735383994
6 	 12.313431835398255 	 106.83442249549947 	 94.5209906601012
7 	 106.83442249549947 	 7990.215680962818 	 7883.381258467318
8 	 7990.215680962818 	 44690483.339812875 	 44682493.12413191
9 	 44690483.339812875 	 1398067510802265.0 	 1398067466111781.8
10 	 1398067510802265.0 	 1.3682149353325888e+30 	 1.3682149353325874e+30
11 	 1.3682149353325888e+30 	 1.310408476487012e+60 	 1.310408476487012e+60
12 	 1.310408476487012e+60 	 1.202019262674308e+120 	 1.202019262674308e+120
13 	 1.202019262674308e+120 	 1.0113952154880608e+240 	 1.0113952154880608e+240
/home/maximilian/Development/Bachelor-Thesis/code/dyson_conv.py:42: RuntimeWarning: overflow encountered in double_scalars
  G[a][n] = g_11[a] + g_11[a] * t**2 * G[a][n-1]**2
14 	 1.0113952154880608e+240 	 inf 	 inf
/home/maximilian/Development/Bachelor-Thesis/code/dyson_conv.py:43: RuntimeWarning: invalid value encountered in double_scalars
  diff[n] = np.abs(G[a][n-1] - G[a][n])
15 	 inf 	 inf 	 nan
16 	 inf 	 inf 	 nan
17 	 inf 	 inf 	 nan
18 	 inf 	 inf 	 nan
19 	 inf 	 inf 	 nan
20 	 inf 	 inf 	 nan
21 	 inf 	 inf 	 nan
22 	 inf 	 inf 	 nan
23 	 inf 	 inf 	 nan
24 	 inf 	 inf 	 nan
25 	 inf 	 inf 	 nan
26 	 inf 	 inf 	 nan
27 	 inf 	 inf 	 nan
28 	 inf 	 inf 	 nan
29 	 inf 	 inf 	 nan
30 	 inf 	 inf 	 nan
31 	 inf 	 inf 	 nan
32 	 inf 	 inf 	 nan
33 	 inf 	 inf 	 nan
34 	 inf 	 inf 	 nan
35 	 inf 	 inf 	 nan
36 	 inf 	 inf 	 nan
37 	 inf 	 inf 	 nan
38 	 inf 	 inf 	 nan
39 	 inf 	 inf 	 nan
40 	 inf 	 inf 	 nan
41 	 inf 	 inf 	 nan
42 	 inf 	 inf 	 nan
43 	 inf 	 inf 	 nan
44 	 inf 	 inf 	 nan
45 	 inf 	 inf 	 nan
46 	 inf 	 inf 	 nan
47 	 inf 	 inf 	 nan
48 	 inf 	 inf 	 nan
49 	 inf 	 inf 	 nan

Compilation finished at Thu Feb 11 17:41:30
